Ort: Berlin; Geschlecht: M
-----------------------------------------
Platz <= 1
 9.7 11.1 13.2 14.4 14.7   15 15.6 15.8 17.6 
   1    1    1    1    1    1    1    1    1 
Platz <= 3
 9.7 11.1 13.2 14.4 14.7   15 15.6 15.8 17.6 
   3    3    3    3    3    3    3    3    3 
Platz <= 5
 9.7 11.1 13.2 14.4 14.7   15 15.6 15.8 17.6 
   5    5    5    5    5    5    5    5    5 
Platz <= 10
 9.7 11.1 13.2 14.4 14.7   15 15.6 15.8 17.6 
  10   10    8   10   10   10   10   10   10 
-----------------------------------------
Ort: Chicago; Geschlecht: M
-----------------------------------------
Platz <= 1
 7.1 10.3 12.2   15 16.5 18.9 19.4 
   1    1    2    2    1    1    1 
Platz <= 3
 7.1 10.3 12.2   15 16.5 18.9 19.4 
   3    3    6    6    3    3    3 
Platz <= 5
 7.1 10.3 12.2   15 16.5 18.9 19.4 
   5    5   10   10    5    5    5 
Platz <= 10
 7.1 10.3 12.2   15 16.5 18.9 19.4 
  10   10   20   20   10   10   10 
-----------------------------------------
Ort: London; Geschlecht: M
-----------------------------------------
Platz <= 1
 7.4  8.6 10.2 11.6 12.2 13.4 15.9 21.6 
   1    1    1    1    2    1    1    1 
Platz <= 3
 7.4  8.6 10.2 11.6 12.2 13.4 15.9 21.6 
   3    3    3    3    6    3    3    3 
Platz <= 5
 7.4  8.6 10.2 11.6 12.2 13.4 15.9 21.6 
   5    5    5    5   10    5    5    5 
Platz <= 10
 7.4  8.6 10.2 11.6 12.2 13.4 15.9 21.6 
  10   10   10   10   20   10   10   10 
-----------------------------------------
Ort: NewYork; Geschlecht: M
-----------------------------------------
Platz <= 1
 6.4    7    9  9.2 12.7 13.4 13.9 14.9 
   1    1    2    1    1    1    1    1 
Platz <= 3
 6.4    7    9  9.2 12.7 13.4 13.9 14.9 
   3    3    6    3    3    3    3    3 
Platz <= 5
 6.4    7    9  9.2 12.7 13.4 13.9 14.9 
   5    5   10    5    5    5    5    5 
Platz <= 10
 6.4    7    9  9.2 12.7 13.4 13.9 14.9 
  10   10   20   10   10   10   10   10 
-----------------------------------------
Ort: Tokyo; Geschlecht: M
-----------------------------------------
Platz <= 1
  4   5 5.5 5.9 6.2 6.5 8.8 9.6  11 
  1   1   1   1   1   1   1   1   1 
Platz <= 3
  4   5 5.5 5.9 6.2 6.5 8.8 9.6  11 
  3   3   3   3   3   3   3   3   3 
Platz <= 5
  4   5 5.5 5.9 6.2 6.5 8.8 9.6  11 
  5   5   5   5   5   5   5   5   5 
Platz <= 10
  4   5 5.5 5.9 6.2 6.5 8.8 9.6  11 
 10  10  10  10  10  10  10  10  10 
-----------------------------------------
Ort: Berlin; Geschlecht: W
-----------------------------------------
Platz <= 1
 9.7 11.1 13.2 14.4 14.7   15 15.6 15.8 17.6 
   1    1    1    1    1    1    1    1    1 
Platz <= 3
 9.7 11.1 13.2 14.4 14.7   15 15.6 15.8 17.6 
   3    3    3    3    3    3    3    3    3 
Platz <= 5
 9.7 11.1 13.2 14.4 14.7   15 15.6 15.8 17.6 
   5    5    5    5    5    5    5    5    5 
Platz <= 10
 9.7 11.1 13.2 14.4 14.7   15 15.6 15.8 17.6 
  10   10   10   10   10   10   10   10   10 
-----------------------------------------
Ort: Chicago; Geschlecht: W
-----------------------------------------
Platz <= 1
 7.1 10.3 12.2   15 16.5 18.9 19.4 
   1    1    2    2    1    1    1 
Platz <= 3
 7.1 10.3 12.2   15 16.5 18.9 19.4 
   3    3    6    6    3    3    3 
Platz <= 5
 7.1 10.3 12.2   15 16.5 18.9 19.4 
   5    5   10   10    5    5    5 
Platz <= 10
 7.1 10.3 12.2   15 16.5 18.9 19.4 
  10   10   20   20   10   10   10 
-----------------------------------------
Ort: London; Geschlecht: W
-----------------------------------------
Platz <= 1
 7.4  8.6 10.2 11.6 12.2 13.4 15.9 21.6 
   1    1    1    1    2    1    1    1 
Platz <= 3
 7.4  8.6 10.2 11.6 12.2 13.4 15.9 21.6 
   3    3    3    3    6    3    3    3 
Platz <= 5
 7.4  8.6 10.2 11.6 12.2 13.4 15.9 21.6 
   5    5    5    5   10    5    5    5 
Platz <= 10
 7.4  8.6 10.2 11.6 12.2 13.4 15.9 21.6 
  10   10   10   10   20   10   10   10 
-----------------------------------------
Ort: NewYork; Geschlecht: W
-----------------------------------------
Platz <= 1
 6.4    7    9  9.2 12.7 13.4 13.9 14.9 
   1    1    2    1    1    1    1    1 
Platz <= 3
 6.4    7    9  9.2 12.7 13.4 13.9 14.9 
   3    3    6    3    3    3    3    3 
Platz <= 5
 6.4    7    9  9.2 12.7 13.4 13.9 14.9 
   5    5   10    5    5    5    5    5 
Platz <= 10
 6.4    7    9  9.2 12.7 13.4 13.9 14.9 
  10   10   20   10   10   10   10   10 
-----------------------------------------
Ort: Tokyo; Geschlecht: W
-----------------------------------------
Platz <= 1
  4   5 5.5 5.9 6.2 6.5 8.8 9.6  11 
  1   1   1   1   1   1   1   1   1 
Platz <= 3
  4   5 5.5 5.9 6.2 6.5 8.8 9.6  11 
  3   3   3   3   3   3   3   3   3 
Platz <= 5
  4   5 5.5 5.9 6.2 6.5 8.8 9.6  11 
  5   5   5   5   5   5   5   5   5 
Platz <= 10
  4   5 5.5 5.9 6.2 6.5 8.8 9.6  11 
 10  10  10  10  10  10  10  10  10 
-----------------------------------------
Gesamt (table): -----------------------------------------
, ,  = M

      
       Berlin Chicago London NewYork Tokyo
  4         0       0      0       0    10
  5         0       0      0       0    10
  5.5       0       0      0       0    10
  5.9       0       0      0       0    10
  6.2       0       0      0       0    10
  6.4       0       0      0      10     0
  6.5       0       0      0       0    10
  7         0       0      0      10     0
  7.1       0      10      0       0     0
  7.4       0       0     10       0     0
  8.6       0       0     10       0     0
  8.8       0       0      0       0    10
  9         0       0      0      20     0
  9.2       0       0      0      10     0
  9.6       0       0      0       0    10
  9.7      10       0      0       0     0
  10.2      0       0     10       0     0
  10.3      0      10      0       0     0
  11        0       0      0       0    10
  11.1     10       0      0       0     0
  11.6      0       0     10       0     0
  12.2      0      20     20       0     0
  12.7      0       0      0      10     0
  13.2     10       0      0       0     0
  13.4      0       0     10      10     0
  13.9      0       0      0      10     0
  14.4     10       0      0       0     0
  14.7     10       0      0       0     0
  14.9      0       0      0      10     0
  15       10      20      0       0     0
  15.6     10       0      0       0     0
  15.8     10       0      0       0     0
  15.9      0       0     10       0     0
  16.5      0      10      0       0     0
  17.6     10       0      0       0     0
  18.9      0      10      0       0     0
  19.4      0      10      0       0     0
  21.6      0       0     10       0     0

, ,  = W

      
       Berlin Chicago London NewYork Tokyo
  4         0       0      0       0    10
  5         0       0      0       0    10
  5.5       0       0      0       0    10
  5.9       0       0      0       0    10
  6.2       0       0      0       0    10
  6.4       0       0      0      10     0
  6.5       0       0      0       0    10
  7         0       0      0      10     0
  7.1       0      10      0       0     0
  7.4       0       0     10       0     0
  8.6       0       0     10       0     0
  8.8       0       0      0       0    10
  9         0       0      0      20     0
  9.2       0       0      0      10     0
  9.6       0       0      0       0    10
  9.7      10       0      0       0     0
  10.2      0       0     10       0     0
  10.3      0      10      0       0     0
  11        0       0      0       0    10
  11.1     10       0      0       0     0
  11.6      0       0     10       0     0
  12.2      0      20     20       0     0
  12.7      0       0      0      10     0
  13.2     10       0      0       0     0
  13.4      0       0     10      10     0
  13.9      0       0      0      10     0
  14.4     10       0      0       0     0
  14.7     10       0      0       0     0
  14.9      0       0      0      10     0
  15       10      20      0       0     0
  15.6     10       0      0       0     0
  15.8     10       0      0       0     0
  15.9      0       0     10       0     0
  16.5      0      10      0       0     0
  17.6     10       0      0       0     0
  18.9      0      10      0       0     0
  19.4      0      10      0       0     0
  21.6      0       0     10       0     0

